%YAML:1.0
---
CameraMatrixMat: !!opencv-matrix
   rows: 3
   cols: 3
   dt: d
   data: [ 1.7530831567273246e+03, 0., 6.1178988708637576e+02, 0.,
       1.7523027702612731e+03, 4.8147070422214784e+02, 0., 0., 1. ]
ProjecterMatrix: !!opencv-matrix
   rows: 3
   cols: 3
   dt: d
   data: [ 1.1220616982855727e+03, 0., 5.0406735199269923e+02, 0.,
       1.1213180061811865e+03, 8.2259852239203030e+02, 0., 0., 1. ]
RMat: !!opencv-matrix
   rows: 3
   cols: 3
   dt: d
   data: [ 9.9969600226281474e-01, -3.8916954532592285e-03,
       2.4346617141717080e-02, 4.9944950315759492e-03,
       9.9895639129146274e-01, -4.5400256797925441e-02,
       -2.4144524827087271e-02, 4.5508054280941228e-02,
       9.9867214786256908e-01 ]
TMat: !!opencv-matrix
   rows: 3
   cols: 1
   dt: d
   data: [ -1.3104012893059649e+00, -8.9473963709958170e+01,
       -1.2289892466286778e+02 ]
