%YAML:1.0
---
CameraMatrixMat: !!opencv-matrix
   rows: 3
   cols: 3
   dt: d
   data: [ 1.2271865259655831e+03, 0., 3.5942191507368545e+02, 0.,
       1.2137540783870688e+03, 2.8961195422266269e+02, 0., 0., 1. ]
DiscoeffsMat: !!opencv-matrix
   rows: 1
   cols: 5
   dt: d
   data: [ -5.1262301549037111e-02, -1.7448877633459849e+00,
       -2.9107460000569563e-03, -7.3735781975277890e-04,
       2.4690070269443940e+01 ]
LightPlaneCoeffient: !!opencv-matrix
   rows: 3
   cols: 1
   dt: f
   data: [ 1.21079303e-01, 8.72422040e-01, 3.57149017e+02 ]
CameraToLightPlaneMat: !!opencv-matrix
   rows: 3
   cols: 3
   dt: d
   data: [ 9.9501074856408034e-01, -9.0860533553370634e-02,
       4.1206476242760894e-02, 9.0860533553370634e-02,
       6.5468440779864490e-01, -7.5042167454554143e-01,
       4.1206476242760894e-02, 7.5042167454554143e-01,
       6.5967365923456456e-01 ]
